Designation	blues_s	blues_ns	MPI	YSI						
IR129391.B.12.B.3.1	493.2187961	7271.83724	3882.528018	0.067825885						
IR129391.B.19.B.2.1	227.0739674	7714.415392	3970.74468	0.029435019						
IR129391.B.44.B.4.1	364.1401412	6474.481341	3419.310741	0.056242365						
IR129391.B.46.B.1.1	1460.821827	5650.479349	3555.650588	0.258530602						
IR129391.B.6.B.4.1	2552.498499	6162.866306	4357.682403	0.41417392						
IR129391.B.9.B.4.1	2284.511021	6790.908785	4537.709903	0.336407261						
IR129398.B.14.B.1.1	1138.456609	4575.893651	2857.17513	0.248794377						
IR129398.B.14.B.4.1	2338.850646	5069.688425	3704.269536	0.461340116						
IR129398.B.17.B.1.1	337.0780372	8941.857636	4639.467837	0.037696645						
IR129398.B.24.B.2.1	1783.706619	6289.014228	4036.360424	0.283622608						
IR129398.B.26.B.3.1	2238.980821	6495.31427	4367.147546	0.344707081						
IR129398.B.3.B.1.1	52.0783395	5206.796779	2629.437559	0.010001992						
IR129398.B.3.B.2.1	2222.761142	7162.322597	4692.54187	0.31034083						
IR129398.B.37.B.1.1	819.0026385	5592.214896	3205.608767	0.146454071						
IR129398.B.39.B.4.1	1153.667229	7752.427532	4453.047381	0.148813675						
IR129398.B.45.B.2.1	2474.29766	6613.899941	4544.098801	0.374105699						
IR129398.B.52.B.1.1	468.2559197	NA	NA	NA						
IR129398.B.57.B.3.1	1462.674971	6880.826643	4171.750807	0.212572565						
IR129398.B.59.B.3.1	941.975164	6288.052012	3615.013588	0.149803971						
IR129398.B.65.B.1.1	1946.86342	6524.168239	4235.51583	0.298407912						
IR129398.B.7.B.3.1	570.6597183	5946.012165	3258.335942	0.09597352						
IR129398.B.7.B.4.1	980.9843344	NA	NA	NA						
IR129398.B.73.B.4.1	2827.466769	8003.544818	5415.505794	0.353276808						
IR129403.B.12.B.2.1	1952.84148	6062.231111	4007.536296	0.32213247						
IR129403.B.14.B.4.1	2188.044734	6630.607945	4409.32634	0.329991571						
IR129403.B.15.B.3.1	995.7331398	5940.741607	3468.237373	0.167610916						
IR129404.B.28.B.4.1	403.2431418	5944.821263	3174.032202	0.067830995						
IR129404.B.29.B.3.1	1362.210163	6185.29133	3773.750747	0.220233792						
IR129404.B.61.B.2.1	948.0689236	6185.320663	3566.694793	0.153277247						
IR129406.B.11.B.1.1	1878.827084	5702.440955	3790.63402	0.329477692						
IR129406.B.11.B.3.1	1610.628859	5454.67257	3532.650715	0.295275076						
IR129406.B.19.B.3.1	1245.76826	6134.231337	3689.999799	0.203084656						
IR129406.B.20.B.3.1	1543.373042	6069.721416	3806.547229	0.254274115						
IR129406.B.34.B.3.1	2007.744388	6037.13029	4022.437339	0.332566019						
IR129406.B.5.B.2.1	2927.311462	4617.968695	3772.640079	0.633895909						
IR129406.B.8.B.2.1	752.2597399	4894.166036	2823.212888	0.153705398						
IR129408.B.17.B.3.1	738.4874303	4599.789665	2669.138548	0.160548087						
IR129408.B.56.B.1.1	1159.954732	6086.845673	3623.400203	0.190567462						
IR129408.B.56.B.3.1	2428.964737	6736.06136	4582.513049	0.360591243						
IR129408.B.57.B.1.1	1363.685132	6995.835801	4179.760467	0.194928122						
IR129408.B.57.B.3.1	2149.266259	5356.111627	3752.688943	0.401273612						
IR129408.B.6.B.2.1	1827.427004	6046.888672	3937.157838	0.302209467						
IR129410.B.10.B.2.1	257.5539145	6955.307549	3606.430732	0.037029838						
IR129410.B.17.B.1.1	1942.878092	6952.723761	4447.800927	0.279441289						
IR129410.B.28.B.1.1	844.9731186	4567.15205	2706.062584	0.185010945						
IR129410.B.3.B.4.1	979.9569303	6923.632573	3951.794752	0.141537974						
IR129411.B.17.B.1.1	2581.585039	6274.344112	4427.964576	0.411450981						
IR129411.B.23.B.4.1	1944.486034	5354.914272	3649.700153	0.363121786						
IR129411.B.29.B.3.1	1948.079658	7396.876288	4672.477973	0.26336518						
IR129411.B.58.B.3.1	3037.444646	6231.295358	4634.370002	0.487449956						
IR129411.B.61.B.3.1	595.6843038	8644.920508	4620.302406	0.068905701						
IR129411.B.94.B.2.1	2262.217645	5701.228421	3981.723033	0.396794774						
IR129414.B.6.B.1.1	982.8867434	9252.978799	5117.932771	0.106223819						
IR129420.B.31.B.1.1	3098.907804	5353.188707	4226.048256	0.578890073						
IR129420.B.39.B.3.1	1562.990798	5356.243206	3459.617002	0.291807287						
IR129434.B.11.B.1.1	1591.944866	8221.7866	4906.865733	0.193625175						
IR129434.B.30.B.2.1	2369.935547	6651.158558	4510.547053	0.356319208						
IR129434.B.86.B.4.1	1987.574335	7106.867001	4547.220668	0.279669555						
IR129434.B.94.B.3.1	3312.121261	6939.153226	5125.637244	0.47730914						
IR129458.B.106.B.3.1	873.6038295	6508.007495	3690.805662	0.134235222						
IR129458.B.107.B.4.1	1286.67009	7262.476108	4274.573099	0.17716686						
IR129458.B.122.B.1.1	1743.71855	6420.029769	4081.87416	0.271605991						
IR129458.B.6.B.1.1	1932.070219	4794.209127	3363.139673	0.403000822						
IR129459.B.103.B.1.1	817.4905413	5694.120685	3255.805613	0.143567477						
IR129459.B.124.B.1.1	1684.488159	7825.822451	4755.155305	0.215247429						
IR129459.B.137.B.4.1	350.2347062	6357.067702	3353.651204	0.055093751						
IR129459.B.16.B.2.1	2471.082111	6809.96448	4640.523296	0.362862702						
IR129459.B.52.B.3.1	2077.043151	6268.530637	4172.786894	0.3313445						
IR129459.B.52.B.4.1	3097.771571	7564.267188	5331.01938	0.40952699						
IR129459.B.63.B.1.1	643.3553207	8018.710402	4331.032861	0.080231769						
IR129459.B.65.B.1.1	468.3854217	5698.200313	3083.292867	0.082198834						
IR129459.B.7.B.3.1	1691.821255	4832.590108	3262.205682	0.350085817						
IR129459.B.84.B.2.1	1798.395525	6176.615879	3987.505702	0.29116195						
IR129459.B.84.B.4.1	1294.786779	7463.282507	4379.034643	0.173487574						
IR129459.B.93.B.3.1	1785.31218	7130.739456	4458.025818	0.250368449						
IR129460.B.26.B.1.1	1417.10945	9069.821194	5243.465322	0.156244475						
IR129460.B.26.B.2.1	1992.808374	6562.23448	4277.521427	0.303678325						
IR129460.B.28.B.1.1	2004.592109	NA	NA	NA						
IR129460.B.29.B.4.1	2450.111919	8202.162015	5326.136967	0.298715377						
IR129460.B.65.B.3.1	3241.400333	6062.551371	4651.975852	0.534659442						
IR129460.B.77.B.3.1	1226.02058	6877.838702	4051.929641	0.178256664						
IR129461.B.23.B.4.1	2192.386117	6045.54172	4118.963919	0.362645106						
IR129461.B.66.B.2.1	808.13277	4866.887731	2837.510251	0.166047136						
IR129461.B.67.B.1.1	858.4631987	6154.793572	3506.628385	0.139478796						
IR129462.B.10.B.3.1	2316.701912	6725.361281	4521.031597	0.344472485						
IR129462.B.107.B.4.1	1679.697566	6849.881238	4264.789402	0.245215575						
IR129462.B.115.B.2.1	2160.047208	8138.24184	5149.144524	0.265419393						
IR129462.B.116.B.4.1	1928.676169	5638.574398	3783.625284	0.342050319						
IR129462.B.118.B.3.1	2256.086266	6652.732737	4454.409502	0.339121735						
IR129462.B.12.B.4.1	2418.152579	6454.138181	4436.14538	0.374666998						
IR129462.B.122.B.4.1	1580.938054	6035.858549	3808.398302	0.261924305						
IR129462.B.127.B.1.1	1958.540742	7729.651237	4844.09599	0.253380221						
IR129462.B.17.B.2.1	690.6585589	7113.765002	3902.21178	0.097087626						
IR129462.B.26.B.2.1	602.2660029	5666.461654	3134.363828	0.106286081						
IR129462.B.26.B.3.1	1009.518244	6290.658595	3650.08842	0.160478943						
IR129462.B.38.B.2.1	1623.953856	7474.865117	4549.409487	0.217255272						
IR129462.B.51.B.2.1	896.2698045	6844.087312	3870.178558	0.130955343						
IR129462.B.6.B.3.1	1807.569653	6646.31814	4226.943897	0.271965563						
IR129462.B.61.B.2.1	2204.887157	6483.896759	4344.391958	0.340055871						
IR129462.B.62.B.3.1	2075.084889	5185.200139	3630.142514	0.400193789						
IR129462.B.63.B.1.1	1372.420829	7885.060486	4628.740658	0.174053304						
IR129462.B.67.B.4.1	1979.959952	5696.100597	3838.030275	0.34759919						
IR129462.B.7.B.3.1	3498.892759	5610.979996	4554.936378	0.623579617						
IR129462.B.70.B.2.1	2627.300075	NA	NA	NA						
IR129462.B.82.B.1.1	1731.038013	6887.8038	4309.420907	0.251319298						
IR129462.B.95.B.2.1	1237.272153	6484.137978	3860.705066	0.19081521						
IR129462.B.96.B.1.1	1876.326095	6489.847208	4183.086652	0.289117145						
IR129462.B.96.B.3.1	743.8617372	5694.641441	3219.251589	0.130624859						
IR131128.B.B.B.B.1	634.5978112	4939.165525	2786.881668	0.128482799						
IR131128.B.B.B.B.10	797.0582107	5649.758349	3223.40828	0.141078284						
IR131128.B.B.B.B.12	2567.785735	5207.251242	3887.518489	0.493117312						
IR131128.B.B.B.B.13	698.0988506	5446.760918	3072.429884	0.128167706						
IR131128.B.B.B.B.15	1652.020025	5883.819532	3767.919779	0.280773402						
IR131128.B.B.B.B.16	1469.792106	6230.147076	3849.969591	0.235916117						
IR131128.B.B.B.B.17	1657.251741	7244.901535	4451.076638	0.228747311						
IR131128.B.B.B.B.18	1485.449933	5692.279701	3588.864817	0.260958704						
IR131128.B.B.B.B.2	758.7681934	5560.320066	3159.54413	0.136461244						
IR131128.B.B.B.B.22	690.9280153	6425.767868	3558.347942	0.107524584						
IR131128.B.B.B.B.23	1025.659278	5822.321426	3423.990352	0.176159852						
IR131128.B.B.B.B.27	736.1523723	4178.787847	2457.47011	0.176164093						
IR131128.B.B.B.B.31	926.1384991	5289.247865	3107.693182	0.175098336						
IR131128.B.B.B.B.32	1341.618073	6268.801675	3805.209874	0.214015077						
IR131128.B.B.B.B.33	2115.881521	6452.945034	4284.413278	0.327893932						
IR131128.B.B.B.B.36	1668.334704	7162.710943	4415.522824	0.232919451						
IR131128.B.B.B.B.37	1373.910135	4539.832002	2956.871069	0.302634576						
IR131128.B.B.B.B.39	788.1067039	5406.913037	3097.50987	0.145759086						
IR131128.B.B.B.B.4	405.0193548	7159.211618	3782.115486	0.056573178						
IR131128.B.B.B.B.40	1640.73593	6033.855924	3837.295927	0.271921629						
IR131128.B.B.B.B.41	1115.285406	6854.379489	3984.832448	0.16271136						
IR131128.B.B.B.B.43	1090.30596	6361.1238	3725.71488	0.171401468						
IR131128.B.B.B.B.47	1246.951171	6233.736843	3740.344007	0.200032693						
IR131128.B.B.B.B.48	1046.476181	4704.814696	2875.645439	0.222426652						
IR131128.B.B.B.B.49	1578.711661	5414.554422	3496.633042	0.291568158						
IR131128.B.B.B.B.5	992.142233	8669.551129	4830.846681	0.114439862						
IR131128.B.B.B.B.50	1397.562087	5270.10597	3333.834029	0.265186714						
IR131128.B.B.B.B.52	1105.688366	4799.79927	2952.743818	0.230361376						
IR131128.B.B.B.B.53	623.8082011	4934.065977	2778.937089	0.126428833						
IR131128.B.B.B.B.54	1167.60976	6047.297247	3607.453504	0.193079604						
IR131128.B.B.B.B.55	3338.750947	6135.278583	4737.014765	0.544188972						
IR131128.B.B.B.B.57	2851.783699	5880.415072	4366.099386	0.484962994						
IR131128.B.B.B.B.59	705.5408702	6334.284896	3519.912883	0.111384455						
IR131128.B.B.B.B.6	1043.392404	5040.77741	3042.084907	0.206990375						
IR131128.B.B.B.B.60	649.4101748	6189.541776	3419.475975	0.104920558						
IR131128.B.B.B.B.61	1697.198588	6458.429569	4077.814079	0.262788124						
IR131128.B.B.B.B.62	1518.57688	5767.554165	3643.065523	0.26329651						
IR131128.B.B.B.B.63	1018.40323	5012.753198	3015.578214	0.203162452						
IR131128.B.B.B.B.65	1709.526077	5346.955089	3528.240583	0.31971955						
IR131128.B.B.B.B.66	887.5597238	7226.274053	4056.916888	0.122823978						
IR131128.B.B.B.B.67	940.3955936	6242.556357	3591.475975	0.150642708						
IR131128.B.B.B.B.68	1610.210984	4989.851795	3300.03139	0.322697156						
IR131128.B.B.B.B.7	1137.378073	4562.735077	2850.056575	0.249275501						
IR131128.B.B.B.B.71	2099.831118	6463.250935	4281.541027	0.32488776						
IR131128.B.B.B.B.72	1915.83159	5654.042675	3784.937133	0.338842789						
IR131128.B.B.B.B.77	1551.986954	6235.513611	3893.750283	0.248894807						
IR131128.B.B.B.B.78	610.6659169	5653.018698	3131.842307	0.108024747						
IR131128.B.B.B.B.79	1122.782909	5886.426838	3504.604874	0.190740994						
IR131128.B.B.B.B.8	460.4069004	6171.313557	3315.860229	0.07460436						
IR131128.B.B.B.B.80	1882.393047	7125.928164	4504.160606	0.264161103						
IR131128.B.B.B.B.81	1596.328425	6069.413376	3832.870901	0.263011979						
IR131128.B.B.B.B.82	939.436412	6852.86416	3896.150286	0.137086682						
IR131128.B.B.B.B.83	1239.101346	5609.096469	3424.098908	0.220909259						
IR131128.B.B.B.B.86	1573.608462	5972.760797	3773.18463	0.263464169						
IR131128.B.B.B.B.87	591.4230745	4737.455789	2664.439432	0.124839809						
IR131128.B.B.B.B.88	1071.088276	5875.501053	3473.294665	0.182297351						
IR131128.B.B.B.B.89	491.4494982	6038.599928	3265.024713	0.081384676						
IR131128.B.B.B.B.90	1591.421634	6821.115968	4206.268801	0.233308104						
IR131128.B.B.B.B.92	1049.236975	4139.022272	2594.129624	0.253498751						
IR131128.B.B.B.B.93	2726.156028	7142.07344	4934.114734	0.381703724						
IR131128.B.B.B.B.94	1636.354053	7648.550047	4642.45205	0.213943041						
IR131128.B.B.B.B.95	878.9401215	6304.575869	3591.757995	0.139413045						
IR131128.B.B.B.B.97	1603.835067	4824.23445	3214.034759	0.332453798						
IR131154.B.B.B.B.1	792.6198694	7047.480583	3920.050226	0.112468542						
IR131154.B.B.B.B.10	1709.449061	6031.685729	3870.567395	0.283411494						
IR131154.B.B.B.B.3	NA	7745.219211	NA	NA						
IR131154.B.B.B.B.4	1604.191432	5633.810278	3619.000855	0.284743602						
IR131154.B.B.B.B.5	1474.33622	5793.900304	3634.118262	0.254463512						
IR131154.B.B.B.B.6	514.1750833	6822.062144	3668.118614	0.075369452						
IR131154.B.B.B.B.7	504.1155766	7204.987105	3854.551341	0.069967589						
IR131154.B.B.B.B.8	1144.879491	6529.029893	3836.954692	0.175352159						
IR131154.B.B.B.B.9	1610.73	5152.349521	3381.539761	0.312620484						
IR131155.B.B.B.B.1	2563.502487	7165.839113	4864.6708	0.357739331						
IR131155.B.B.B.B.3	1913.634453	6320.362419	4116.998436	0.302772899						
IR131155.B.B.B.B.4	706.1412978	5882.40576	3294.273529	0.120042943						
IR131155.B.B.B.B.5	1350.178888	5311.055847	3330.617368	0.254220428						
IR131155.B.B.B.B.6	2682.489412	7498.837917	5090.663665	0.357720682						
IR131155.B.B.B.B.7	504.4254807	4668.304202	2586.364841	0.108053259						
IR131155.B.B.B.B.8	1866.912852	7498.822532	4682.867692	0.248960799						
IR131155.B.B.B.B.9	1532.731301	6853.95093	4193.341116	0.223627411						
IR131156.B.B.B.B.1	2004.98757	6934.876094	4469.931832	0.289116567						
IR131156.B.B.B.B.10	2153.534702	5589.926126	3871.730414	0.385252802						
IR131156.B.B.B.B.2	1325.913029	6116.302463	3721.107746	0.21678343						
IR131156.B.B.B.B.3	952.1022144	4002.113486	2477.10785	0.237899854						
IR131156.B.B.B.B.5	1894.072806	6964.351878	4429.212342	0.271966845						
IR131156.B.B.B.B.7	1062.744734	5711.558238	3387.151486	0.186069141						
IR131156.B.B.B.B.8	NA	4376.128828	NA	NA						
IR131156.B.B.B.B.9	1870.211416	6574.260376	4222.235896	0.284474802						
IR131157.B.B.B.B.10	1983.555842	7679.786304	4831.671073	0.258282687						
IR131157.B.B.B.B.2	1481.920218	5186.090906	3334.005562	0.285748986						
IR131157.B.B.B.B.3	1362.518028	6391.914846	3877.216437	0.213162731						
IR131157.B.B.B.B.6	1524.781481	6141.142206	3832.961844	0.248289558						
IR131157.B.B.B.B.7	1244.485397	5554.618478	3399.551938	0.224045162						
IR131157.B.B.B.B.8	1743.872678	5671.441664	3707.657171	0.307483138						
IR131157.B.B.B.B.9	1575.889284	5427.78203	3501.835657	0.290337614						
IR131158.B.B.B.B.10	2400.20478	6330.283985	4365.244383	0.37916226						
IR131158.B.B.B.B.2	1489.669821	6882.145983	4185.907902	0.216454261						
IR131158.B.B.B.B.3	1562.511793	6654.346823	4108.429308	0.234810694						
IR131158.B.B.B.B.4	1215.508134	5128.642983	3172.075559	0.23700385						
IR131158.B.B.B.B.5	1306.652985	6111.677656	3709.165321	0.213796123						
IR131158.B.B.B.B.6	1507.070629	5522.150291	3514.61046	0.272913729						
IR131158.B.B.B.B.8	1213.116046	6460.164805	3836.640426	0.187784071						
IR131158.B.B.B.B.9	2165.544078	6654.08825	4409.816164	0.32544565						
IR131159.B.B.B.B.1	1523.840882	5607.499789	3565.670336	0.271750502						
IR131159.B.B.B.B.10	2067.230413	NA	NA	NA						
IR131159.B.B.B.B.2	1020.303031	6979.531378	3999.917205	0.146185034						
IR131159.B.B.B.B.5	1398.280634	6779.191112	4088.735873	0.20626069						
IR131159.B.B.B.B.6	1163.945269	7226.847511	4195.39639	0.161058507						
IR131159.B.B.B.B.7	1190.531332	7951.630579	4571.080956	0.14972166						
IR131159.B.B.B.B.8	3057.582171	6708.229057	4882.905614	0.455795732						
IR131159.B.B.B.B.9	1613.798156	5273.834057	3443.816107	0.306000936						
IR131160.B.B.B.B.1	1600.471574	5440.179282	3520.325428	0.294194638						
IR131160.B.B.B.B.10	2351.248665	5392.874442	3872.061554	0.435991731						
IR131160.B.B.B.B.3	2462.179466	6316.612544	4389.396005	0.389794284						
IR131160.B.B.B.B.4	1203.08533	5860.776799	3531.931065	0.205277452						
IR131160.B.B.B.B.5	1074.044642	7489.792649	4281.918646	0.143401118						
IR131160.B.B.B.B.6	2247.437674	6998.22341	4622.830542	0.321144031						
IR131160.B.B.B.B.9	2897.521935	6201.572023	4549.546979	0.467223782						
IR131161.B.B.B.B.10	724.1825779	5602.04798	3163.115279	0.129271042						
IR131161.B.B.B.B.5	792.828724	5304.463538	3048.646131	0.14946445						
IR131161.B.B.B.B.6	903.9475994	4775.316828	2839.632214	0.189295838						
IR131161.B.B.B.B.7	800.8849638	3821.665634	2311.275299	0.209564373						
IR131166.B.B.B.B.1	311.9535225	6766.498334	3539.225928	0.046102653						
IR131166.B.B.B.B.10	913.6898558	4786.839679	2850.264767	0.190875383						
IR131166.B.B.B.B.2	1254.99932	5579.31156	3417.15544	0.224938024						
IR131166.B.B.B.B.3	366.3209097	5682.807925	3024.564417	0.064461251						
IR131166.B.B.B.B.4	3446.636703	6392.126426	4919.381565	0.539200334						
IR131166.B.B.B.B.5	2008.839785	5130.349321	3569.594553	0.39156004						
IR131166.B.B.B.B.8	390.9201012	5827.389721	3109.154911	0.067083226						
IR131166.B.B.B.B.9	2518.68955	6378.269589	4448.47957	0.394886029						
IR131167.B.B.B.B.1	1087.824586	4771.358122	2929.591354	0.227990555						
IR131167.B.B.B.B.3	1376.347564	4810.876366	3093.611965	0.28609082						
IR131167.B.B.B.B.4	1462.641168	5779.95437	3621.297769	0.253054103						
IR131167.B.B.B.B.6	911.9396324	4783.978339	2847.958986	0.190623696						
IR131167.B.B.B.B.8	1526.912581	5521.294465	3524.103523	0.276549746						
IR131167.B.B.B.B.9	1415.418275	5430.787536	3423.102906	0.260628549						
IR131168.B.B.B.B.10	708.1173318	7323.646522	4015.881927	0.096689174						
IR131168.B.B.B.B.2	804.1224794	6821.889627	3813.006053	0.117873862						
IR131168.B.B.B.B.3	772.845414	6277.456847	3525.151131	0.123114413						
IR131168.B.B.B.B.4	665.150251	5089.361463	2877.255857	0.130694244						
IR131168.B.B.B.B.6	454.6268736	4033.136004	2243.881439	0.112722922						
IR131168.B.B.B.B.8	905.8610481	5800.010657	3352.935853	0.156182652						
IR131168.B.B.B.B.9	1436.872174	5125.843634	3281.357904	0.280319158						
IR131170.B.B.B.B.2	1294.070438	7019.263526	4156.666982	0.18435986						
IR131170.B.B.B.B.3	1483.621373	4863.702476	3173.661925	0.3050395						
IR131170.B.B.B.B.5	1430.447745	7523.570445	4477.009095	0.190128843						
IR131170.B.B.B.B.6	2377.650446	5908.043642	4142.847044	0.402442939						
IR131170.B.B.B.B.8	759.3325251	7698.983858	4229.158192	0.098627629						
IR131170.B.B.B.B.9	591.9552098	7467.900652	4029.927931	0.079266616						
IR131174.B.B.B.B.1	734.0708626	5925.058657	3329.56476	0.12389259						
IR131174.B.B.B.B.10	1243.707017	5624.496513	3434.101765	0.221123262						
IR131174.B.B.B.B.2	1149.329067	4866.594939	3007.962003	0.236166988						
IR131174.B.B.B.B.3	1096.129714	5125.487803	3110.808759	0.213858613						
IR131174.B.B.B.B.4	512.6578481	6818.903157	3665.780503	0.075181864						
IR131174.B.B.B.B.5	1080.951366	4459.960059	2770.455713	0.242367948						
IR131174.B.B.B.B.6	1256.5894	6499.17874	3877.88407	0.193345875						
IR131174.B.B.B.B.8	1423.635274	5672.4983	3548.066787	0.250971477						
IR131175.B.B.B.B.1	1263.573252	4454.859726	2859.216489	0.283639291						
IR131175.B.B.B.B.10	820.0431118	5193.231756	3006.637434	0.157906127						
IR131175.B.B.B.B.5	1081.959948	5064.248986	3073.104467	0.213646673						
IR131175.B.B.B.B.6	802.8777241	4982.178602	2892.528163	0.161149928						
IR131175.B.B.B.B.7	875.8179913	6237.50143	3556.659711	0.14041167						
IR131175.B.B.B.B.8	734.9780877	5900.406324	3317.692206	0.124563979						
IR131175.B.B.B.B.9	909.9046806	5819.142148	3364.523414	0.156364058						
IR131176.B.B.B.B.10	949.1441856	5214.758156	3081.951171	0.182011161						
IR131176.B.B.B.B.2	1103.374715	4837.63068	2970.502698	0.228081635						
IR131176.B.B.B.B.3	1048.983753	5477.042978	3263.013366	0.19152374						
IR131176.B.B.B.B.5	1185.560156	5847.470344	3516.51525	0.202747528						
IR131176.B.B.B.B.6	553.7825197	4783.351765	2668.567142	0.115772903						
IR131176.B.B.B.B.8	750.8614741	7659.047292	4204.954383	0.098035884						
IR131177.B.B.B.B.1	995.1367446	5866.219396	3430.67807	0.169638515						
IR131177.B.B.B.B.2	674.7076991	4975.059573	2824.883636	0.135618014						
IR131177.B.B.B.B.3	1121.699647	4762.791059	2942.245353	0.235513092						
IR131177.B.B.B.B.4	1436.503011	4239.960235	2838.231623	0.338801057						
IR131177.B.B.B.B.5	1865.599495	7214.499213	4540.049354	0.258590297						
IR131177.B.B.B.B.6	1209.485301	5372.097329	3290.791315	0.225142105						
IR131177.B.B.B.B.7	1438.958371	6500.222449	3969.59041	0.221370635						
IR131177.B.B.B.B.9	832.5588162	6212.493479	3522.526148	0.134013632						
IR131179.B.B.B.B.2	3779.413192	4221.033818	4000.223505	0.895376193						
IR131179.B.B.B.B.6	990.9840328	4354.109292	2672.546662	0.227597418						
IR131179.B.B.B.B.7	1511.202918	4626.175414	3068.689166	0.326663557						
IR131180.B.B.B.B.1	1710.316038	5208.138275	3459.227157	0.328392978						
IR131180.B.B.B.B.5	838.3660772	5974.862907	3406.614492	0.140315534						
IR131180.B.B.B.B.6	1536.037427	6932.793087	4234.415257	0.221561124						
IR131184.B.B.B.B.10	1719.470833	5697.325641	3708.398237	0.301803151						
IR131184.B.B.B.B.2	1897.859736	NA	NA	NA						
IR131184.B.B.B.B.3	1502.224187	7032.877876	4267.551032	0.213600209						
IR131184.B.B.B.B.4	1411.647103	6174.380011	3793.013557	0.228629773						
IR131184.B.B.B.B.5	2728.855658	4988.925367	3858.890513	0.546982658						
IR131184.B.B.B.B.6	1098.176515	NA	NA	NA						
IR131184.B.B.B.B.8	858.9777947	6785.952273	3822.465034	0.126581762						
IR131185.B.B.B.B.10	1299.650773	7591.210208	4445.430491	0.171204688						
IR131185.B.B.B.B.2	1047.379849	5388.769322	3218.074586	0.19436346						
IR131185.B.B.B.B.4	942.5265611	5381.039617	3161.783089	0.175156964						
IR131185.B.B.B.B.6	916.2892495	5939.11479	3427.70202	0.154280441						
IR131185.B.B.B.B.7	834.8201009	6069.206533	3452.013317	0.137550122						
IR131189.B.B.B.B.10	1132.730529	3731.005649	2431.868089	0.303599253						
IR131189.B.B.B.B.2	1211.631487	5529.342358	3370.486923	0.219127594						
IR131189.B.B.B.B.3	887.6450157	5771.190866	3329.417941	0.153806214						
IR131189.B.B.B.B.4	959.359943	5685.714019	3322.536981	0.168731656						
IR131189.B.B.B.B.6	1600.088733	5114.841164	3357.464949	0.312832536						
IR131189.B.B.B.B.7	1341.685886	7317.682793	4329.68434	0.183348462						
IR131189.B.B.B.B.9	2378.867847	5080.393354	3729.630601	0.468244815						
IR131190.B.B.B.B.1	908.1761395	4824.379219	2866.277679	0.188247254						
IR131190.B.B.B.B.2	1076.193271	4473.505652	2774.849462	0.240570451						
IR131190.B.B.B.B.3	1518.980844	6894.797893	4206.889369	0.220308248						
IR131190.B.B.B.B.5	2809.672607	6602.00401	4705.838309	0.425578749						
IR131190.B.B.B.B.7	1867.74694	5937.486942	3902.616941	0.314568597						
IR131190.B.B.B.B.9	1547.669795	4361.722548	2954.696172	0.35482995						
IR131191.B.B.B.B.1	1001.916121	6455.211415	3728.563768	0.155210427						
IR131191.B.B.B.B.10	1077.770852	5861.126112	3469.448482	0.183884604						
IR131191.B.B.B.B.2	1904.831968	5449.553759	3677.192864	0.349539073						
IR131191.B.B.B.B.3	1350.514918	7114.742867	4232.628893	0.189819217						
IR131191.B.B.B.B.6	753.7184582	5851.752065	3302.735262	0.128802186						
IR131191.B.B.B.B.9	657.2156933	5979.175357	3318.195525	0.109917447						
IR131192.B.B.B.B.10	1215.150129	5525.587096	3370.368613	0.219913307						
IR131192.B.B.B.B.3	570.1480861	5469.626002	3019.887044	0.104238953						
IR131192.B.B.B.B.5	539.5308341	5817.006986	3178.26891	0.092750591						
IR131192.B.B.B.B.6	1317.981497	6407.223938	3862.602718	0.205702424						
IR131192.B.B.B.B.7	780.2686525	6675.342987	3727.80582	0.116888174						
IR131192.B.B.B.B.8	1681.672661	7119.341354	4400.507008	0.236211832						
IR131193.B.B.B.B.4	1484.60536	6103.316188	3793.960774	0.24324569						
IR131193.B.B.B.B.6	1400.365301	6501.638611	3951.001956	0.215386518						
IR131194.B.B.B.B.10	942.6828141	6008.619296	3475.651055	0.156888424						
IR131194.B.B.B.B.2	1326.950204	6421.59824	3874.274222	0.206638621						
IR131194.B.B.B.B.3	1823.348947	5055.916876	3439.632912	0.360636654						
IR131194.B.B.B.B.5	1038.206391	6302.972425	3670.589408	0.16471695						
IR131194.B.B.B.B.6	1388.923101	6257.078963	3823.001032	0.221976278						
IR131194.B.B.B.B.7	2309.299812	7129.880905	4719.590359	0.323890377						
IR131194.B.B.B.B.8	1816.761501	6698.368028	4257.564765	0.271224497						
IR131194.B.B.B.B.9	2496.523849	5866.930498	4181.727174	0.425524702						
IR131195.B.B.B.B.1	1255.360327	6988.673367	4122.016847	0.179627844						
IR131195.B.B.B.B.10	NA	9156.300104	NA	NA						
IR131195.B.B.B.B.2	900.0025524	6376.978925	3638.490739	0.14113306						
IR131195.B.B.B.B.3	772.3667464	8420.096662	4596.231704	0.091728964						
IR131195.B.B.B.B.4	784.361372	6738.450747	3761.40606	0.116400847						
IR131195.B.B.B.B.5	1028.226708	5354.238914	3191.232811	0.192039751						
IR131195.B.B.B.B.6	824.5718959	NA	NA	NA						
IR131195.B.B.B.B.7	1079.786651	6400.548825	3740.167738	0.168702197						
IR131195.B.B.B.B.9	1134.81105	6540.036477	3837.423764	0.173517541						
IR133011.B.B.B.B.1	743.3879775	7529.450503	4136.41924	0.098730708						
IR133011.B.B.B.B.10	1356.963278	4877.213495	3117.088387	0.278225113						
IR133011.B.B.B.B.2	1753.793783	4947.03048	3350.412132	0.354514449						
IR133011.B.B.B.B.3	1880.475897	6333.119735	4106.797816	0.296927261						
IR133011.B.B.B.B.6	1271.703929	6213.217507	3742.460718	0.204677195						
IR133011.B.B.B.B.7	1063.799923	7719.224532	4391.512228	0.137811761						
IR133011.B.B.B.B.8	2175.569346	6604.756406	4390.162876	0.329394335						
IR133011.B.B.B.B.9	1204.819515	6570.042989	3887.431252	0.183380766						
IR133012.B.B.B.B.1	1429.176564	8022.908243	4726.042404	0.17813697						
IR133012.B.B.B.B.10	931.9169789	6243.228916	3587.572947	0.14926843						
IR133012.B.B.B.B.2	779.9160272	4757.705742	2768.810885	0.163926916						
IR133012.B.B.B.B.3	448.1997681	5545.992829	2997.096299	0.080815064						
IR133012.B.B.B.B.5	707.3869745	9073.003745	4890.19536	0.077966128						
IR133012.B.B.B.B.7	1015.148987	4723.931667	2869.540327	0.214894935						
IR133012.B.B.B.B.8	522.3553022	5278.919196	2900.637249	0.098951184						
IR133012.B.B.B.B.9	1971.625328	7878.424358	4925.024843	0.2502563						
IR133013.B.B.B.B.1	1167.184859	6212.126544	3689.655702	0.187888133						
IR133013.B.B.B.B.10	683.5446763	7254.467125	3969.005901	0.094223968						
IR133013.B.B.B.B.2	1660.764424	6265.994419	3963.379422	0.265044032						
IR133013.B.B.B.B.4	1334.044133	6411.325544	3872.684839	0.208076181						
IR133013.B.B.B.B.5	799.7207023	5731.930138	3265.82542	0.139520316						
IR133013.B.B.B.B.6	1013.598307	7538.99257	4276.295439	0.134447447						
IR133013.B.B.B.B.7	270.4888218	6532.290107	3401.389464	0.041407962						
IR133013.B.B.B.B.8	847.8998233	5208.797423	3028.348623	0.162782261						
IR133014.B.B.B.B.1	1576.019777	6149.179652	3862.599715	0.256297566						
IR133014.B.B.B.B.3	1658.847774	5712.146607	3685.497191	0.290407073						
IR133014.B.B.B.B.5	1249.343252	5520.205248	3384.77425	0.226321884						
IR133014.B.B.B.B.6	645.2874758	7074.240843	3859.764159	0.091216498						
IR133014.B.B.B.B.7	1159.516045	5101.029351	3130.272698	0.227310208						
IR133014.B.B.B.B.8	680.3279301	5331.741508	3006.034719	0.127599571						
IR133014.B.B.B.B.9	1243.221723	6511.650988	3877.436356	0.190922659						
IR133015.B.B.B.B.1	838.4928764	4403.450139	2620.971508	0.190417252						
IR133015.B.B.B.B.10	1577.07017	7199.545759	4388.307965	0.219051343						
IR133015.B.B.B.B.2	1090.615307	5796.464314	3443.539811	0.188151819						
IR133015.B.B.B.B.3	465.2669701	6924.114695	3694.690833	0.067195156						
IR133015.B.B.B.B.4	1573.326489	5285.929222	3429.627856	0.297644259						
IR133015.B.B.B.B.5	1745.531767	5099.335215	3422.433491	0.34230575						
IR133015.B.B.B.B.6	1172.880898	4629.896264	2901.388581	0.253327684						
IR133015.B.B.B.B.7	1686.805083	4156.218343	2921.511713	0.405850931						
IR133015.B.B.B.B.8	1897.890828	4843.021518	3370.456173	0.39188156						
IR133015.B.B.B.B.9	1805.607471	4148.380382	2976.993927	0.435256005						
IR133016.B.B.B.B.1	2081.709105	8697.037983	5389.373544	0.239358401						
IR133016.B.B.B.B.3	321.2592378	5809.089566	3065.174402	0.055302855						
IR133016.B.B.B.B.4	456.0610793	6071.756711	3263.908895	0.075111883						
IR133016.B.B.B.B.5	1726.225464	6763.094655	4244.66006	0.255241949						
IR133016.B.B.B.B.6	1245.711452	3540.167425	2392.939439	0.351879248						
IR133016.B.B.B.B.7	1234.11078	6336.829208	3785.469994	0.194752098						
IR133017.B.B.B.B.1	1334.92197	5223.092257	3279.007114	0.255580776						
IR133017.B.B.B.B.10	851.6389503	7314.298621	4082.968786	0.116434807						
IR133017.B.B.B.B.2	1480.549608	5212.114175	3346.331892	0.28405932						
IR133017.B.B.B.B.4	1251.479038	7168.501112	4209.990075	0.174580295						
IR133017.B.B.B.B.5	1539.785288	5805.523223	3672.654256	0.265227651						
IR133017.B.B.B.B.7	1625.87394	6825.017422	4225.445681	0.23822268						
IR133017.B.B.B.B.8	1099.631715	6304.932924	3702.28232	0.174408154						
IR133017.B.B.B.B.9	1053.484722	5863.279685	3458.382204	0.179674991						
IR133019.B.B.B.B.2	1250.719947	5083.902577	3167.311262	0.246015719						
IR133019.B.B.B.B.3	1104.739398	7415.055394	4259.897396	0.148985994						
IR133019.B.B.B.B.6	1417.118278	5077.954588	3247.536433	0.279072657						
IR133019.B.B.B.B.8	1463.364567	5319.798503	3391.581535	0.275078946						
IR133019.B.B.B.B.9	1085.94408	5272.100744	3179.022412	0.205979387						
IR133020.B.B.B.B.2	1725.288609	7457.29497	4591.29179	0.231355822						
IR133020.B.B.B.B.7	341.9754349	7705.02129	4023.498362	0.044383451						
IR133020.B.B.B.B.8	1008.020457	4498.258258	2753.139358	0.224091281						
IR133023.B.B.B.B.10	1428.879953	5356.189243	3392.534598	0.266771745						
IR133023.B.B.B.B.3	1580.633353	5000.334688	3290.484021	0.316105511						
IR133023.B.B.B.B.4	1112.716127	5803.430809	3458.073468	0.191734194						
IR133023.B.B.B.B.5	3096.168879	6499.326554	4797.747717	0.47638303						
IR133023.B.B.B.B.9	1320.84128	6382.101104	3851.471192	0.206960256						
IR133024.B.B.B.B.10	1239.992205	4483.262584	2861.627395	0.276582552						
IR133024.B.B.B.B.4	906.9605479	4880.311501	2893.636024	0.185840709						
IR133024.B.B.B.B.6	1263.806242	4216.982561	2740.394402	0.299694444						
IR133024.B.B.B.B.9	1373.728474	5461.66957	3417.699022	0.251521711						
IR133034.B.B.B.B.1	1700.846854	6815.156136	4258.001495	0.249568289						
IR133034.B.B.B.B.10	1941.757669	7153.255773	4547.506721	0.271450893						
IR133034.B.B.B.B.2	NA	5100.096212	NA	NA						
IR133034.B.B.B.B.4	895.5778274	5351.463813	3123.52082	0.167351936						
IR133034.B.B.B.B.5	1109.661294	4699.396462	2904.528878	0.236128469						
IR133034.B.B.B.B.6	482.1336714	5396.428204	2939.280938	0.089343109						
IR133034.B.B.B.B.8	1362.997161	5883.668013	3623.332587	0.231657727						
IR133034.B.B.B.B.9	1565.137508	6908.401058	4236.769283	0.226555681						
IR133035.B.B.B.B.2	668.7548304	5221.433618	2945.094224	0.128078777						
IR133035.B.B.B.B.3	761.619159	4878.456168	2820.037664	0.156118889						
IR133035.B.B.B.B.4	2491.363153	5139.094034	3815.228594	0.48478645						
IR133035.B.B.B.B.7	1337.262823	5480.784868	3409.023846	0.243991117						
IR133035.B.B.B.B.9	542.1417096	5349.503842	2945.822776	0.101344298						
IR133036.B.B.B.B.1	787.325145	7227.374083	4007.349614	0.108936543						
IR133036.B.B.B.B.10	1591.043527	5303.604892	3447.32421	0.299992846						
IR133036.B.B.B.B.2	687.6853734	6270.465701	3479.075537	0.109670542						
IR133036.B.B.B.B.3	2241.193853	6542.301304	4391.747579	0.342569648						
IR133036.B.B.B.B.4	2666.742885	6367.637211	4517.190048	0.418796297						
IR133036.B.B.B.B.5	1370.359848	5470.012426	3420.186137	0.250522255						
IR133036.B.B.B.B.6	2187.065472	7232.834446	4709.949959	0.302380137						
IR133036.B.B.B.B.7	1281.703709	5208.203994	3244.953852	0.246093223						
IR133036.B.B.B.B.8	2082.057215	5761.566866	3921.812041	0.361369965						
IR133036.B.B.B.B.9	1437.950248	8318.892346	4878.421297	0.172853571						
IR133038.B.B.B.B.3	1405.000185	3920.616886	2662.808536	0.35836202						
IR133038.B.B.B.B.5	NA	8807.627125	NA	NA						
IR133038.B.B.B.B.8	921.3160765	5153.532594	3037.424335	0.178773697						
IR133038.B.B.B.B.9	1278.457556	4259.836726	2769.147141	0.30011891						
IR133039.B.B.B.B.1	1913.631691	6888.650513	4401.141102	0.277794858						
IR133039.B.B.B.B.10	1232.374842	5211.860904	3222.117873	0.23645582						
IR133039.B.B.B.B.2	1376.231111	7440.559887	4408.395499	0.184963381						
IR133039.B.B.B.B.3	920.7423936	4656.108416	2788.425405	0.197749346						
IR133039.B.B.B.B.4	2078.003309	5327.965354	3702.984332	0.390018172						
IR133039.B.B.B.B.5	791.8152442	5079.338022	2935.576633	0.155889457						
IR133039.B.B.B.B.6	648.7150404	5770.825757	3209.770399	0.112412862						
IR133039.B.B.B.B.7	1023.801444	4516.747136	2770.27429	0.226667868						
IR133039.B.B.B.B.8	1501.560193	5816.664153	3659.112173	0.258147996						
IR133040.B.B.B.B.1	1003.027292	5206.605924	3104.816608	0.192645133						
IR133040.B.B.B.B.10	1006.044725	6514.15733	3760.101028	0.154439734						
IR133040.B.B.B.B.2	1054.353956	7447.023729	4250.688843	0.141580582						
IR133040.B.B.B.B.3	1266.866953	5119.397098	3193.132026	0.247464092						
IR133040.B.B.B.B.5	165.8157618	6027.891135	3096.853448	0.027508088						
IR133040.B.B.B.B.6	668.4510139	6253.519488	3460.985251	0.106891969						
IR133040.B.B.B.B.7	705.2070938	6310.26173	3507.734412	0.111755601						
IR133040.B.B.B.B.8	738.751795	5977.738965	3358.24538	0.123583816						
IR133040.B.B.B.B.9	784.1757726	6277.751348	3530.96356	0.124913481						
IR133041.B.B.B.B.1	761.3445449	5926.075702	3343.710123	0.128473645						
IR133041.B.B.B.B.10	470.1350022	5210.359041	2840.247022	0.090230826						
IR133041.B.B.B.B.2	1150.07831	5405.098163	3277.588237	0.212776582						
IR133041.B.B.B.B.6	1121.284209	5038.409705	3079.846957	0.222547247						
IR133041.B.B.B.B.7	1867.437773	5794.27572	3830.856747	0.322290112						
IR133041.B.B.B.B.8	1426.234011	5812.528599	3619.381305	0.245372386						
IR133041.B.B.B.B.9	1273.02163	5369.342188	3321.181909	0.237090799						
IR133042.B.B.B.B.10	732.2016581	5018.078936	2875.140297	0.145912742						
IR133042.B.B.B.B.3	1367.610552	6836.458113	4102.034333	0.200046651						
IR133042.B.B.B.B.4	2005.751432	5756.8253	3881.288366	0.348412767						
IR133042.B.B.B.B.6	1302.85845	7459.51388	4381.186165	0.174657286						
IR133042.B.B.B.B.7	970.1907539	5739.484409	3354.837581	0.169037963						
IR133042.B.B.B.B.8	627.0418413	NA	NA	NA						
IR133042.B.B.B.B.9	1309.389535	5265.710057	3287.549796	0.248663432						
IR133043.B.B.B.B.1	1337.404307	3325.392689	2331.398498	0.402179361						
IR133043.B.B.B.B.10	1456.475166	5666.563599	3561.519383	0.257029704						
IR133043.B.B.B.B.3	580.2318884	6463.719574	3521.975731	0.089767491						
IR133043.B.B.B.B.4	1278.285744	6849.857292	4064.071518	0.186614945						
IR133043.B.B.B.B.5	1649.415933	5429.152367	3539.28415	0.303807265						
IR133043.B.B.B.B.6	1612.968347	5787.079031	3700.023689	0.278718908						
IR133043.B.B.B.B.7	1153.440532	6467.871307	3810.65592	0.178333872						
IR133043.B.B.B.B.8	1324.678403	4563.112614	2943.895509	0.290301493						
IR133043.B.B.B.B.9	1610.78825	5728.669342	3669.728796	0.281180175						
IR133044.B.B.B.B.1	1279.330558	5529.743449	3404.537004	0.231354415						
IR133044.B.B.B.B.2	2088.214253	6141.89029	4115.052272	0.339995369						
IR133044.B.B.B.B.5	1064.306322	5702.088105	3383.197214	0.18665203						
IR133044.B.B.B.B.9	1749.325585	4772.11964	3260.722613	0.36657203						
IR133045.B.B.B.B.2	1264.22566	NA	NA	NA						
IR133045.B.B.B.B.3	427.028116	6789.194077	3608.111097	0.062898204						
IR133045.B.B.B.B.5	2825.61595	7325.655115	5075.635533	0.385715121						
IR133045.B.B.B.B.6	1072.893013	5646.227506	3359.56026	0.190019444						
IR133045.B.B.B.B.7	1444.432951	4877.116879	3160.774915	0.296165334						
IR133045.B.B.B.B.8	862.9655383	5950.948976	3406.957257	0.145013097						
IR133045.B.B.B.B.9	1136.455849	6101.334644	3618.895247	0.186263484						
IR133046.B.B.B.B.1	25.43147201	6183.642358	3104.536915	0.004112701						
IR133046.B.B.B.B.10	409.3346636	5969.305361	3189.320012	0.068573249						
IR133046.B.B.B.B.6	1116.444965	6588.013695	3852.22933	0.169466097						
IR133046.B.B.B.B.8	645.5088259	4505.386229	2575.447527	0.143274914						
IR133051.B.B.B.B.1	655.3254198	6196.7518	3426.03861	0.105753053						
IR133051.B.B.B.B.10	1304.08058	6458.697134	3881.388857	0.201910781						
IR133051.B.B.B.B.2	1048.027462	5975.731062	3511.879262	0.175380627						
IR133051.B.B.B.B.4	770.1551566	6270.029737	3520.092447	0.122831181						
IR133051.B.B.B.B.5	NA	5657.111354	NA	NA						
IR133051.B.B.B.B.6	991.5643346	6076.701127	3534.132731	0.163174774						
IR133051.B.B.B.B.7	1655.996057	7155.803162	4405.89961	0.231420012						
IR133051.B.B.B.B.8	934.897018	8214.194381	4574.5457	0.113814816						
IR133051.B.B.B.B.9	1212.967667	5314.757236	3263.862452	0.228226354						
IR133052.B.B.B.B.1	1295.082556	4537.057148	2916.069852	0.285445502						
IR133052.B.B.B.B.2	891.4703136	7291.214242	4091.342278	0.122266372						
IR133052.B.B.B.B.3	823.3235091	5113.727481	2968.525495	0.161002617						
IR133052.B.B.B.B.4	1738.12479	6627.373011	4182.748901	0.262264518						
IR133052.B.B.B.B.5	1113.881565	6247.149199	3680.515382	0.178302379						
IR133052.B.B.B.B.6	1784.68646	4881.296054	3332.991257	0.365617336						
IR133052.B.B.B.B.8	1942.371307	5578.041783	3760.206545	0.348217418						
IR133052.B.B.B.B.9	1497.805832	4834.175534	3165.990683	0.309836873						
IR133054.B.B.B.B.1	1248.913256	5376.557284	3312.73527	0.232288654						
IR133054.B.B.B.B.10	1830.779945	6625.598694	4228.18932	0.276319172						
IR133054.B.B.B.B.2	407.1692504	5885.979576	3146.574413	0.069176124						
IR133054.B.B.B.B.3	1265.238614	5376.826429	3321.032522	0.235313271						
IR133054.B.B.B.B.5	1597.763892	4431.592527	3014.67821	0.360539441						
IR133054.B.B.B.B.6	1281.86611	5363.218084	3322.542097	0.239010626						
IR133054.B.B.B.B.9	936.4817782	4751.426904	2843.954341	0.197094851						
IR133055.B.B.B.B.1	1201.686521	5823.738378	3512.71245	0.206342806						
IR133055.B.B.B.B.4	-12.18043155	6464.647686	3226.233627	-0.00188416						
IR133055.B.B.B.B.5	388.0323413	6435.678415	3411.855378	0.06029393						
IR133055.B.B.B.B.9	437.1507828	6680.788247	3558.969515	0.065434013						
IR133057.B.B.B.B.1	1595.828585	7946.475907	4771.152246	0.200822176						
IR133057.B.B.B.B.10	1112.82687	6426.972859	3769.899865	0.173149458						
IR133057.B.B.B.B.2	1763.322968	6750.029486	4256.676227	0.261231891						
IR133057.B.B.B.B.3	1052.657799	6451.353271	3752.005535	0.163168525						
IR133057.B.B.B.B.4	3164.637137	7281.526023	5223.08158	0.434611801						
IR133057.B.B.B.B.5	1564.12665	5976.277518	3770.202084	0.26172256						
IR133057.B.B.B.B.6	1496.659852	6594.540022	4045.599937	0.226954397						
IR133057.B.B.B.B.7	2210.358435	7424.491397	4817.424916	0.297711765						
IR133057.B.B.B.B.8	1341.679226	4953.853504	3147.766365	0.270835467						
IR133057.B.B.B.B.9	1926.736659	5853.44748	3890.09207	0.329162714						
IR133059.B.B.B.B.3	1303.884803	5719.98223	3511.933517	0.227952597						
IR133061.B.B.B.B.1	694.5321676	4290.308795	2492.420481	0.161883958						
IR133061.B.B.B.B.5	942.7915812	3969.664002	2456.227792	0.237499088						
IR133061.B.B.B.B.6	1069.363719	5044.433277	3056.898498	0.211988872						
IR133062.B.B.B.B.4	1145.370432	5209.787775	3177.579104	0.219849729						
IR133062.B.B.B.B.5	730.3314533	4848.739789	2789.535621	0.150622942						
IR133062.B.B.B.B.8	659.1270929	5568.699408	3113.91325	0.118362843						
IR133062.B.B.B.B.9	329.1058302	3725.785968	2027.445899	0.088331921						
IR133063.B.B.B.B.1	978.6482727	6450.291532	3714.469902	0.151721557						
IR133063.B.B.B.B.3	814.3864384	6903.411258	3858.898848	0.117968698						
IR133063.B.B.B.B.5	973.9194906	8532.917146	4753.418318	0.114136757						
IR133063.B.B.B.B.7	1314.771541	6952.690084	4133.730813	0.189102567						
IR133063.B.B.B.B.8	2291.554937	6044.734047	4168.144492	0.379099381						
IR133064.B.B.B.B.1	839.8146349	5440.735587	3140.275111	0.154356818						
IR133064.B.B.B.B.10	1028.344406	5841.075385	3434.709896	0.176053952						
IR133064.B.B.B.B.2	1100.803885	5449.776947	3275.290416	0.201990631						
IR133064.B.B.B.B.3	908.5025648	6245.584467	3577.043516	0.145463178						
IR133064.B.B.B.B.4	1279.159057	5499.712466	3389.435762	0.232586533						
IR133064.B.B.B.B.5	753.1001357	5830.232808	3291.666472	0.129171537						
IR133064.B.B.B.B.6	1906.281241	6661.009464	4283.645353	0.286185037						
IR133064.B.B.B.B.7	1492.520444	5680.022112	3586.271278	0.262766661						
IR133064.B.B.B.B.8	1488.001158	5075.287953	3281.644556	0.293185563						
IR133064.B.B.B.B.9	636.1136175	5625.301079	3130.707348	0.113080813						
IR133065.B.B.B.B.10	1023.372278	5098.904893	3061.138586	0.200704328						
IR133065.B.B.B.B.2	1915.965863	4501.561366	3208.763615	0.425622513						
IR133065.B.B.B.B.3	1315.02557	4965.41806	3140.221815	0.264836828						
IR133065.B.B.B.B.5	1156.723959	4299.800087	2728.262023	0.269018079						
IR133065.B.B.B.B.6	1111.128234	5088.856958	3099.992596	0.218345346						
IR133065.B.B.B.B.8	2299.432185	5910.165021	4104.798603	0.389063956						
IR133065.B.B.B.B.9	480.7224143	5566.304452	3023.513433	0.086362939						
IR133095.B.B.B.B.1	1585.492137	4730.222459	3157.857298	0.335183419						
IR133095.B.B.B.B.10	570.930804	5150.062224	2860.496514	0.110859011						
IR133095.B.B.B.B.3	1624.674145	5163.562931	3394.118538	0.314642073						
IR133095.B.B.B.B.4	1067.174179	4582.410742	2824.792461	0.232884881						
IR133095.B.B.B.B.5	555.8760952	4390.640427	2473.258261	0.126604787						
IR133095.B.B.B.B.6	663.804767	4978.105689	2820.955228	0.133344852						
IR133095.B.B.B.B.7	481.0870917	6819.529961	3650.308526	0.070545491						
IR133095.B.B.B.B.9	663.5825553	5180.511838	2922.047197	0.128092084						
IR133096.B.B.B.B.1	2702.97462	7577.222983	5140.098802	0.356723647						
IR133096.B.B.B.B.10	1879.22619	5680.351021	3779.788606	0.330829236						
IR133096.B.B.B.B.11	1098.757307	5292.324568	3195.540938	0.207613364						
IR133096.B.B.B.B.12	1980.213791	5049.550346	3514.882069	0.392156461						
IR133096.B.B.B.B.13	798.579066	4479.701226	2639.140146	0.178266144						
IR133096.B.B.B.B.14	1979.939449	6341.695095	4160.817272	0.312209814						
IR133096.B.B.B.B.15	2388.780954	NA	NA	NA						
IR133096.B.B.B.B.16	1114.98203	NA	NA	NA						
IR133096.B.B.B.B.2	732.0982191	6709.653719	3720.875969	0.109111178						
IR133096.B.B.B.B.4	1415.104912	4510.536506	2962.820709	0.313733169						
IR133096.B.B.B.B.5	1459.706804	4415.017232	2937.362018	0.330623127						
IR133096.B.B.B.B.6	616.4399396	6511.036393	3563.738166	0.094676163						
IR133096.B.B.B.B.7	2078.500045	5639.449769	3858.974907	0.368564333						
IR133096.B.B.B.B.8	1345.630091	5641.392756	3493.511424	0.238527993						
IR133096.B.B.B.B.9	1227.234732	5651.346709	3439.290721	0.217157926						
IR133097.B.B.B.B.1	1136.180728	5793.197685	3464.689207	0.196123245						
IR133097.B.B.B.B.10	905.6993074	7701.568247	4303.633777	0.117599335						
IR133097.B.B.B.B.2	1825.497862	7366.389018	4595.94344	0.24781448						
IR133097.B.B.B.B.3	1362.556913	5186.804665	3274.680789	0.262696786						
IR133097.B.B.B.B.4	885.6659811	5779.256088	3332.461035	0.153249132						
IR133097.B.B.B.B.7	1180.829494	5520.493499	3350.661497	0.213899264						
IR133097.B.B.B.B.8	1835.111282	6599.851043	4217.481163	0.278053439						
IR133097.B.B.B.B.9	1046.220624	5083.733374	3064.976999	0.205797698						
IR133102.B.B.B.B.3	1132.869619	5011.148661	3072.00914	0.226069849						
IR133102.B.B.B.B.4	819.9983783	3836.274182	2328.13628	0.213748637						
IR133102.B.B.B.B.7	909.3107322	5742.846302	3326.078517	0.158337989						
IR133102.B.B.B.B.8	1163.100991	5645.605298	3404.353145	0.206018829						
IR133102.B.B.B.B.9	1758.188807	6745.38809	4251.788449	0.260650504						
IR133103.B.B.B.B.1	780.5948792	6304.968009	3542.781444	0.123806319						
IR133103.B.B.B.B.2	1322.49117	6426.594938	3874.543054	0.205784118						
IR133103.B.B.B.B.3	998.5343832	6153.695421	3576.114902	0.162265812						
IR133103.B.B.B.B.4	1101.911896	6915.546485	4008.729191	0.159338369						
IR133103.B.B.B.B.5	1297.548934	5109.406162	3203.477548	0.253952983						
IR133103.B.B.B.B.7	1468.027149	6394.727883	3931.377516	0.229568353						
IR133103.B.B.B.B.8	1334.326481	6033.082549	3683.704515	0.221168278						
IR133103.B.B.B.B.9	1206.542869	8249.774354	4728.158612	0.146251621						
IR20	538.5908999	NA	NA	NA						
IR64	1719.928096	5295.691405	3507.809751	0.324778762						
IR18L1189	1675.005639	7517.812529	4596.409084	0.222804923						
IRRI132	590.6162831	6052.53647	3321.576377	0.097581615						
IRRI163	1862.282628	8141.305473	5001.794051	0.228744964						
SAHBHAGIDHAN	1320.790592	4063.409145	2692.099869	0.325044943						
UPLRI7	1464.27931	6157.796728	3811.038019	0.237792732						
